2500 131 95 36 255
2475 133 96 37 255
2450 135 98 37 255
2425 137 99 38 255
2400 139 100 38 255
2375 141 102 39 255
2350 143 103 39 255
2325 145 105 40 255
2300 147 106 40 255
2275 149 108 41 255
2250 151 109 41 255
2225 153 110 42 255
2200 155 112 42 255
2175 157 113 43 255
2150 159 115 44 255
2125 161 116 44 255
2100 163 118 45 255
2075 165 119 45 255
2050 167 120 46 255
2025 169 122 46 255
2000 171 123 47 255
1975 173 125 47 255
1950 175 126 48 255
1925 177 127 48 255
1900 179 129 49 255
1875 181 130 49 255
1850 183 132 50 255
1825 184 133 51 255
1800 186 135 51 255
1775 188 136 52 255
1750 190 137 52 255
1725 192 139 53 255
1700 194 140 53 255
1675 196 142 54 255
1650 198 143 54 255
1625 200 145 55 255
1600 201 146 57 255
1575 201 147 59 255
1550 202 148 61 255
1525 202 149 63 255
1500 203 150 65 255
1475 203 151 67 255
1450 204 152 69 255
1425 205 153 71 255
1400 205 154 73 255
1375 206 155 75 255
1350 206 156 77 255
1325 207 158 79 255
1300 207 159 81 255
1275 208 160 82 255
1250 208 161 84 255
1225 209 162 86 255
1200 209 163 88 255
1175 210 164 90 255
1150 210 165 92 255
1125 211 166 94 255
1100 212 167 96 255
1075 212 168 98 255
1050 213 170 100 255
1025 213 171 102 255
1000 214 172 104 255
975 214 173 106 255
950 215 174 108 255
925 215 175 110 255
900 216 176 112 255
875 216 177 114 255
850 217 178 116 255
825 217 179 118 255
800 218 180 120 255
775 219 181 122 255
750 219 183 124 255
725 220 184 126 255
700 220 185 128 255
675 221 186 130 255
650 221 187 132 255
625 222 188 134 255
600 222 189 136 255
575 223 190 138 255
550 223 191 140 255
525 224 192 142 255
500 224 193 144 255
475 225 195 146 255
450 226 196 147 255
425 226 197 149 255
400 227 198 151 255
375 227 199 153 255
350 228 200 155 255
325 228 201 157 255
300 229 202 159 255
275 229 203 161 255
250 230 204 163 255
225 230 205 165 255
200 231 207 167 255
175 231 208 169 255
150 232 209 171 255
125 233 210 173 255
100 233 211 175 255
75 234 212 177 255
50 234 213 179 255
25 235 214 181 255
0 174 162 144 255
-32768 200 230 255 0