2500 128 0 8 255
2475 129 0 9 255
2450 130 0 9 255
2425 131 0 9 255
2400 133 0 9 255
2375 134 0 9 255
2350 135 0 9 255
2325 136 0 9 255
2300 138 0 9 255
2275 139 0 9 255
2250 140 0 9 255
2225 142 0 9 255
2200 143 0 10 255
2175 144 0 10 255
2150 145 0 10 255
2125 147 0 10 255
2100 148 0 10 255
2075 149 0 10 255
2050 150 0 10 255
2025 152 0 10 255
2000 153 0 10 255
1975 154 0 10 255
1950 156 0 10 255
1925 157 0 10 255
1900 158 0 11 255
1875 159 0 11 255
1850 161 0 11 255
1825 162 0 11 255
1800 163 0 11 255
1775 164 0 11 255
1750 166 0 11 255
1725 167 0 11 255
1700 168 0 11 255
1675 170 0 11 255
1650 171 0 11 255
1625 172 0 11 255
1600 173 0 12 255
1575 175 0 12 255
1550 176 0 12 255
1525 177 0 12 255
1500 178 0 12 255
1475 180 0 12 255
1450 181 0 12 255
1425 182 0 12 255
1400 184 0 12 255
1375 185 0 12 255
1350 186 0 12 255
1325 187 0 12 255
1300 189 0 13 255
1275 190 0 13 255
1250 191 0 13 255
1225 193 0 13 255
1200 194 0 13 255
1175 195 0 13 255
1150 196 0 13 255
1125 198 0 13 255
1100 199 0 13 255
1075 200 0 13 255
1050 201 0 13 255
1025 203 0 14 255
1000 204 0 14 255
975 205 0 14 255
950 207 0 14 255
925 208 0 14 255
900 209 0 14 255
875 210 0 14 255
850 212 0 14 255
825 213 0 14 255
800 214 0 14 255
775 215 0 14 255
750 217 0 14 255
725 218 0 15 255
700 219 0 15 255
675 221 0 15 255
650 222 0 15 255
625 223 0 15 255
600 224 0 15 255
575 226 0 15 255
550 227 0 15 255
525 228 0 15 255
500 229 0 15 255
475 231 0 15 255
450 232 0 15 255
425 233 0 16 255
400 235 0 16 255
375 236 0 16 255
350 237 0 16 255
325 238 0 16 255
300 240 0 16 255
275 241 0 16 255
250 242 0 16 255
225 244 0 16 255
200 245 0 16 255
175 246 0 16 255
150 247 0 16 255
125 249 0 17 255
100 250 0 17 255
75 251 0 17 255
50 252 0 17 255
25 254 0 17 255
0 255 0 17 255